4294967279,262
4294967278,0
4294967279,246
4294967279,228
4294967278,298
1165,5
1165,4
1165,3
1165,2
1165,1
4294967278,412
1163,6
1163,5
1163,4
1163,3
1163,2
1163,1
4294967279,316
4294967294,1420
1160,5
1160,4
1160,3
1160,2
1160,1
4294967278,411
1158,5
1158,4
1158,3
1158,2
1158,1
1156,6
1156,5
1156,4
1156,3
1156,2
1156,1
4294967294,510
1155,5
1155,4
4294967279,134
1155,3
1155,2
1155,1
4294967278,409
1154,5
1154,4
1154,3
1154,2
1154,1
1153,5
1153,4
1153,3
1153,2
1153,1
4294967294,509
4294967294,1418
1151,4
1151,3
1151,2
1151,1
4294967294,407
4294967278,284
4294967278,280
4294967279,310
4294967278,357
4294967278,308
4294967279,296
4294967279,315
4294967278,326
4294967278,408
4294967279,158
4294967279,155
4294967278,153
4294967279,149
4294967279,148
4294967279,142
4294967278,288
1150,5
1150,4
4294967278,287
1150,2
1150,1
4294967279,277
4294967279,265
4294967279,540
4294967278,269
1148,6
1148,5
1148,4
1148,3
1148,2
1148,1
4294967278,246
4294967279,245
4294967294,1422
1145,5
1145,4
1145,2
1145,1
4294967279,210
1143,5
1143,4
1143,3
1143,2
1143,1
4294967279,214
1141,6
4294967294,420
4294967278,293
1141,5
1141,4
1141,3
1141,2
1141,1
4294967294,508
4294967279,193
1140,5
1140,4
1140,3
1140,2
1140,1
4294967278,245
4294967279,182
1139,5
1139,4
1139,3
1139,2
1139,1
4294967294,468
4294967294,1000
4294967294,1176
4294967294,36
4294967294,37
4294967294,39
4294967294,40
1138,5
4294967278,405
1138,4
1138,3
1138,2
1138,1
4294967294,507
1137,5
1137,4
1137,3
1137,2
1137,1
4294967294,76
1136,4
1136,3
1136,2
1136,1
4294967294,29
4294967294,91
4294967294,90
4294967294,87
4294967294,86
4294967294,84
4294967294,1175
4294967294,1174
4294967294,53
4294967294,427
4294967294,44
4294967294,42
4294967279,523
4294967278,144
4294967279,140
4294967294,43
4294967294,417
4294967294,51
4294967294,52
4294967294,83
4294967278,83
4294967278,81
4294967278,417
4294967278,76
4294967278,69
4294967278,67
4294967278,315
4294967279,281
4294967279,73
4294967279,59
4294967279,47
4294967279,41
4294967279,27
4294967279,10
4294967279,5
4294967279,25
4294967279,24
4294967294,5
4294967294,111
4294967294,112
1135,5
1135,4
1135,2
1135,1
4294967278,437
1133,6
1133,5
1133,4
1133,3
1133,2
1133,1
4294967278,398
1130,5
1130,4
1130,2
1130,1
1128,5
1128,4
1128,3
1128,2
1128,1
1126,6
1126,5
1126,4
1126,3
1126,2
1126,1
4294967278,156
1125,5
1125,4
1125,3
1125,2
1125,1
4294967278,395
4294967294,109
1124,5
1124,4
1124,3
1124,2
1124,1
4294967279,138
1123,5
4294967278,394
4294967279,292
1123,4
1123,3
1123,2
1123,1
4294967278,392
1121,4
1121,3
1121,2
1121,1
4294967278,370
4294967278,360
4294967279,376
4294967279,571
4294967278,266
4294967279,287
4294967278,359
4294967278,85
4294967278,71
4294967279,260
4294967279,34
4294967279,8
4294967279,7
4294967279,6
4294967279,241
4294967278,259
4294967279,229
4294967279,227
4294967278,210
4294967279,208
4294967279,207
4294967278,84
4294967279,355
4294967279,192
1120,5
1120,4
1120,2
1120,1
4294967279,71
4294967278,70
1118,6
1118,5
1118,4
1118,3
1118,2
1118,1
4294967279,525
4294967278,388
4294967294,1095
1115,5
1115,4
1115,2
1115,1
4294967279,566
1113,5
1113,4
1113,3
1113,2
1113,1
4294967278,294
4294967294,455
4294967294,465
4294967279,327
1111,6
1111,5
1111,4
1111,3
1111,2
1111,1
4294967279,300
1110,5
1110,4
1110,3
1110,2
1110,1
1109,5
1109,4
1109,3
1109,2
1109,1
4294967278,307
1108,5
1108,4
1108,3
1108,2
1108,1
1106,4
1106,3
1106,2
1106,1
4294967294,115
4294967294,89
4294967278,335
4294967278,356
4294967278,286
4294967279,332
4294967278,290
4294967279,538
4294967279,336
4294967278,279
1105,5
1105,4
1105,2
1105,1
4294967278,275
4294967279,354
1103,6
1103,5
1103,4
1103,3
1103,2
1103,1
4294967279,353
4294967278,139
4294967278,271
4294967294,1101
4294967278,274
1100,5
1100,4
1100,2
1100,1
4294967294,1015
4294967279,352
1098,5
1098,4
1098,3
1098,2
1098,1
1096,6
1096,5
1096,4
1096,3
1096,2
1096,1
4294967294,393
1095,5
1095,4
1095,3
1095,2
1095,1
4294967279,519
1094,5
1094,4
1094,3
1094,2
1094,1
1093,5
1093,4
4294967278,204
1093,3
1093,2
1093,1
4294967294,108
4294967279,196
4294967278,194
4294967279,194
1091,4
1091,3
1091,2
1091,1
0,7
4294967294,1
4294967294,1001
4294967294,186
4294967294,28
4294967294,0
4294967294,388
4294967294,46
4294967294,389
4294967294,120
4294967279,295
4294967294,2
4294967279,348
4294967294,107
4294967294,50
4294967294,85
4294967294,419
4294967294,1017
4294967294,1016
4294967294,27
4294967294,45
4294967294,38
4294967294,96
4294967294,94
4294967294,9
4294967294,8
4294967294,22
4294967294,93
4294967294,95
4294967294,17
4294967294,67
4294967294,99
4294967294,41
4294967294,436
4294967294,25
4294967294,1018
4294967294,26
4294967294,81
4294967294,1098
4294967294,82
4294967294,1419
4294967294,68
4294967294,11
4294967294,92
4294967294,88
4294967278,306
4294967278,382
4294967278,282
4294967279,289
0,5
4294967294,7
4294967294,6
4294967279,349
4294967278,369
1090,5
1090,4
1090,2
1090,1
4294967279,347
4294967278,329
4294967294,401
4294967294,170
4294967279,346
1088,6
1088,5
1088,4
1088,3
1088,2
1088,1
4294967279,532
4294967279,544
4294967278,379
4294967278,406
4294967279,301
1085,5
1085,4
1085,2
1085,1
4294967278,362
4294967279,575
1083,5
1083,4
1083,3
1083,2
1083,1
4294967279,350
1081,6
1081,5
1081,4
1081,3
1081,2
1081,1
4294967294,506
4294967294,402
4294967294,454
1080,5
1080,4
1080,3
1080,2
1080,1
1079,5
1079,4
1079,3
1079,2
1079,1
1078,5
1078,4
1078,3
1078,2
1078,1
4294967278,208
4294967294,505
4294967294,1094
4294967294,1012
1076,4
1076,3
1076,2
1076,1
4294967293,131
4294967293,130
4294967293,129
4294967293,128
4294967293,127
4294967293,126
4294967293,125
4294967293,124
4294967293,123
4294967293,122
4294967293,121
4294967293,120
4294967293,119
4294967293,118
4294967293,117
4294967293,116
4294967293,115
4294967293,114
4294967293,113
4294967293,112
4294967293,111
4294967293,110
4294967293,109
4294967293,108
4294967293,107
4294967293,106
4294967293,105
4294967293,104
4294967293,103
4294967293,102
4294967293,101
4294967293,100
4294967293,99
4294967293,98
4294967293,97
4294967293,96
4294967293,95
4294967293,94
4294967293,93
4294967293,92
4294967293,91
4294967293,90
4294967293,89
4294967293,87
4294967293,86
4294967293,85
4294967293,84
4294967293,83
4294967293,82
4294967293,81
4294967293,80
4294967293,79
4294967293,78
4294967293,77
4294967293,76
4294967293,75
4294967293,74
4294967293,73
4294967293,72
4294967293,71
4294967293,70
4294967293,69
4294967293,68
4294967293,67
4294967293,66
4294967293,65
4294967293,64
4294967293,63
4294967293,62
4294967293,61
4294967293,60
4294967293,59
4294967293,58
4294967293,57
4294967293,56
4294967293,55
4294967293,54
4294967293,53
4294967293,52
4294967293,51
4294967293,50
4294967293,49
4294967293,48
4294967293,47
4294967293,46
4294967293,45
4294967293,44
4294967293,43
4294967293,42
4294967293,41
4294967293,40
4294967293,39
4294967293,38
4294967293,37
4294967293,36
4294967293,35
4294967293,34
4294967293,33
4294967293,32
4294967293,31
4294967293,30
4294967293,29
4294967293,28
4294967293,27
4294967293,26
4294967293,25
4294967293,24
4294967293,23
4294967293,22
4294967293,21
4294967293,20
4294967293,19
4294967293,18
4294967293,17
4294967293,16
4294967293,15
4294967293,14
4294967293,13
4294967293,12
4294967293,11
4294967293,10
4294967293,9
4294967293,8
4294967293,7
4294967293,6
4294967293,5
4294967293,4
4294967293,3
4294967278,263
4294967278,272
4294967278,292
4294967278,52
4294967278,51
4294967278,49
4294967278,45
4294967278,44
4294967278,42
4294967278,41
4294967278,38
4294967278,37
4294967278,36
4294967278,35
4294967278,33
4294967278,32
4294967278,30
4294967278,28
4294967278,26
4294967278,24
4294967278,23
4294967278,21
4294967278,18
4294967278,10
4294967278,9
4294967278,7
4294967278,6
4294967278,4
4294967279,132
4294967279,539
4294967279,131
4294967279,129
4294967279,278
4294967279,115
4294967279,114
4294967279,113
4294967279,112
4294967279,108
4294967279,106
4294967279,105
4294967279,104
4294967279,276
4294967279,103
4294967279,101
4294967279,100
4294967279,99
4294967279,98
4294967279,97
4294967279,96
4294967279,95
4294967279,218
4294967279,91
4294967279,89
4294967279,286
4294967279,335
4294967279,543
4294967279,177
1075,5
1075,4
1075,2
1075,1
4294967279,555
1073,6
1073,5
1073,4
1073,3
1073,2
1073,1
4294967279,345
4294967278,410
4294967278,151
4294967279,146
4294967278,147
4294967294,180
4294967278,446
4294967294,1092
4294967279,343
1070,5
1070,4
1070,2
1070,1
4294967278,445
4294967278,351
4294967278,281
4294967278,366
1068,5
1068,4
1068,3
1068,2
1068,1
4294967279,253
4294967278,443
1066,6
4294967279,517
1066,5
1066,4
1066,3
1066,2
1066,1
4294967294,504
1065,5
1065,4
1065,3
1065,2
1065,1
1064,5
1064,4
1064,3
1064,2
1064,1
4294967279,338
1063,5
1063,4
1063,3
1063,2
1063,1
4294967294,503
4294967279,337
1061,4
1061,3
1061,2
1061,1
4294967279,202
4294967278,233
4294967279,323
4294967278,327
4294967278,304
4294967278,291
4294967278,54
4294967278,12
4294967279,94
4294967279,266
4294967279,93
4294967279,92
4294967279,90
4294967279,331
4294967279,515
4294967279,259
4294967279,568
4294967279,572
1060,5
1060,4
1060,2
1060,1
1058,6
1058,5
1058,4
1058,3
1058,2
1058,1
4294967279,302
4294967278,225
4294967279,153
4294967279,232
4294967278,152
4294967278,148
4294967278,223
4294967279,567
4294967278,31
4294967278,140
1055,5
1055,4
1055,2
1055,1
4294967278,372
4294967278,221
4294967279,564
4294967278,217
4294967279,531
1053,5
1053,4
4294967279,263
1053,3
1053,2
1053,1
4294967278,265
4294967278,361
4294967278,261
4294967278,403
1051,6
1051,5
1051,4
4294967278,322
1051,3
1051,2
1051,1
4294967294,502
4294967279,318
1050,5
1050,4
1050,3
1050,2
1050,1
4294967279,235
4294967279,237
1049,5
1049,4
1049,3
1049,2
1049,1
1048,5
4294967279,225
1048,4
1048,3
1048,2
1048,1
4294967294,161
4294967279,219
4294967294,501
4294967279,217
4294967279,215
1046,4
4294967278,207
1046,3
1046,2
1046,1
4294967294,444
4294967278,297
4294967279,291
1045,5
1045,4
1045,2
1045,1
4294967279,322
1043,6
1043,5
1043,4
1043,3
1043,2
1043,1
4294967294,1090
4294967294,185
4294967294,1423
1040,5
4294967279,145
1040,4
1040,2
1040,1
1038,5
1038,4
1038,3
1038,2
1038,1
4294967278,268
1036,6
4294967294,500
4294967279,261
4294967279,275
1036,5
1036,4
1036,3
1036,2
1036,1
1035,5
1035,4
1035,3
1035,2
1035,1
4294967278,321
4294967294,189
4294967294,418
1034,5
1034,4
1034,3
1034,2
1034,1
1033,5
1033,4
1033,3
1033,2
1033,1
4294967294,499
1031,4
1031,3
1031,2
1031,1
4294967278,22
4294967278,14
4294967278,13
4294967279,556
1030,5
1030,4
1030,2
1030,1
1028,6
1028,5
1028,4
1028,3
1028,2
1028,1
4294967278,302
1025,5
1025,4
1025,2
1025,1
4294967279,542
4294967278,134
1023,5
1023,4
1023,3
1023,2
1023,1
4294967294,183
4294967294,1091
1021,6
1021,5
1021,4
1021,3
1021,2
1021,1
4294967294,498
4294967278,278
1020,5
1020,4
1020,3
1020,2
1020,1
4294967279,249
1019,5
1019,4
1019,3
1019,2
1019,1
1018,5
1018,4
1018,3
1018,2
1018,1
4294967294,497
4294967278,220
4294967278,358
1016,4
1016,3
1016,2
1016,1
4294967294,167
4294967294,456
4294967294,451
4294967294,449
4294967279,570
4294967278,8
4294967278,5
4294967279,130
4294967279,128
4294967279,125
4294967279,123
4294967279,122
4294967279,121
4294967279,120
4294967279,118
4294967279,116
4294967279,111
4294967279,107
4294967294,1089
4294967294,182
1015,5
1015,4
1015,2
1015,1
4294967278,380
1013,6
4294967278,170
1013,5
1013,4
1013,3
1013,2
1013,1
4294967278,314
4294967278,161
4294967278,313
4294967278,312
4294967279,154
4294967278,154
4294967278,407
4294967279,351
4294967278,149
1010,5
1010,4
1010,2
1010,1
4294967279,144
4294967278,310
4294967278,133
1008,5
1008,4
1008,3
1008,2
1008,1
4294967278,270
1006,6
1006,5
4294967294,1004
1006,4
1006,3
1006,2
1006,1
4294967294,496
4294967294,414
4294967294,1005
1005,5
1005,4
1005,3
1005,2
1005,1
4294967279,319
4294967279,127
4294967279,126
4294967279,124
4294967278,250
1004,5
4294967279,248
1004,4
4294967278,248
1004,3
1004,2
1004,1
4294967279,119
4294967279,117
1003,5
1003,4
1003,3
1003,2
1003,1
4294967294,495
4294967279,109
4294967278,399
1001,4
4294967279,533
1001,3
1001,2
1001,1
4294967278,305
4294967279,186
1000,5
1000,4
1000,2
1000,1
4294967279,561
4294967278,176
4294967278,175
998,6
998,5
998,4
998,3
998,2
998,1
4294967278,341
4294967279,293
4294967279,522
4294967278,150
4294967279,520
995,5
995,4
995,2
995,1
4294967278,136
4294967278,135
993,5
4294967279,270
993,4
993,3
993,2
993,1
4294967278,300
991,6
991,5
991,4
991,3
991,2
991,1
4294967279,306
4294967294,494
4294967278,337
990,5
990,4
990,3
990,2
990,1
989,5
989,4
989,3
989,2
989,1
4294967279,243
4294967279,239
988,5
988,4
988,3
988,2
988,1
4294967279,526
4294967279,223
4294967279,221
986,4
986,3
986,2
986,1
4294967279,213
4294967294,175
4294967294,408
4294967278,295
4294967279,174
4294967278,328
4294967278,343
4294967278,353
4294967279,110
4294967279,299
4294967279,102
4294967279,294
4294967279,304
985,5
985,4
985,2
985,1
4294967279,179
983,6
983,5
983,4
983,3
983,2
983,1
4294967279,167
4294967279,152
4294967278,440
980,5
980,4
980,2
980,1
978,5
978,4
978,3
978,2
978,1
976,6
976,5
976,4
976,3
976,2
976,1
975,5
975,4
4294967278,320
975,3
975,2
975,1
4294967279,317
974,5
974,4
974,3
974,2
974,1
4294967294,187
4294967294,415
4294967294,391
973,5
973,4
973,3
973,2
973,1
4294967278,212
971,4
971,3
971,2
971,1
4294967278,211
4294967279,311
4294967278,137
4294967278,53
4294967278,340
4294967278,48
4294967278,39
4294967278,338
4294967278,88
4294967279,521
4294967278,391
4294967278,355
4294967279,305
970,5
970,4
970,2
970,1
4294967279,170
968,6
968,5
968,4
968,3
968,2
968,1
4294967278,283
4294967278,160
4294967278,159
4294967278,142
965,5
965,4
965,2
965,1
4294967278,141
4294967278,276
963,5
963,4
963,3
963,2
963,1
4294967279,547
961,6
4294967294,466
4294967294,405
961,5
961,4
961,3
961,2
961,1
960,5
960,4
960,3
960,2
960,1
959,5
959,4
959,3
959,2
959,1
958,5
958,4
958,3
958,2
958,1
956,4
956,3
956,2
956,1
4294967294,110
4294967294,448
4294967278,444
4294967278,324
4294967278,447
4294967278,27
4294967279,516
4294967279,267
4294967278,404
955,5
955,4
955,2
955,1
4294967278,309
4294967279,383
953,6
953,5
953,4
953,3
953,2
953,1
4294967278,231
4294967279,334
950,5
950,4
950,2
950,1
948,5
4294967279,282
948,4
948,3
948,2
948,1
4294967279,290
946,6
946,5
946,4
946,3
946,2
946,1
4294967294,493
4294967294,168
4294967294,406
4294967294,412
4294967278,257
945,5
945,4
945,3
945,2
945,1
944,5
944,4
944,3
944,2
944,1
943,5
943,4
943,3
943,2
943,1
4294967294,492
4294967278,402
4294967278,226
941,4
941,3
941,2
941,1
4294967278,57
4294967278,56
4294967278,43
4294967278,40
4294967278,29
4294967279,382
4294967279,285
4294967279,284
940,5
940,4
940,2
940,1
4294967279,180
938,6
938,5
938,4
